178888
178889
178890
178891
178892
178893
178894
178895
178896
178897
178898
178899
178999
179999
188888
188889
188890
188891
188892
188893
188894
188895
188896
188897
188898
188899
188999
189999
199999
222222
222223
222224
222225
222226
222227
222228
222229
222230
222231
222232
222233
222234
222235
222236
222237
222238
222239
222240
222241
222242
222243
222244
222245
222246
222247
222248
222249
222250
222251
222252
222253
222254
222255
222256
222257
222258
222259
222260
222261
222262
222263
222264
222265
222266
222267
222268
222269
222270
222271
222272
222273
222274
222275
222276
222277
222278
222279
222280
222281
222282
222283
222284
222285
222286
222287
222288
222289
222290
222291
222292
222293
222294
222295
222296
222297
222298
222299
222333
222334
222335
222336
222337
222338
222339
222340
222341
222342
222343
222344
222345
222346
222347
222348
222349
222350
222351
222352
222353
222354
222355
222356
222357
222358
222359
222360
222361
222362
222363
222364
222365
222366
222367
222368
222369
222370
222371
222372
222373
222374
222375
222376
222377
222378
222379
222380
222381
222382
222383
222384
222385
222386
222387
222388
222389
222390
222391
222392
222393
222394
222395
222396
222397
222398
222399
222444
222445
222446
222447
222448
222449
222450
222451
222452
222453
222454
222455
222456
222457
222458
222459
222460
222461
222462
222463
222464
222465
222466
222467
222468
222469
222470
222471
222472
222473
222474
222475
222476
222477
222478
222479
222480
222481
222482
222483
222484
222485
222486
222487
222488
222489
222490
222491
222492
222493
222494
222495
222496
222497
222498
222499
222555
222556
222557
222558
222559
222560
222561
222562
222563
222564
222565
222566
222567
222568
222569
222570
222571
222572
222573
222574
222575
222576
222577
222578
222579
222580
222581
222582
222583
222584
222585
222586
222587
222588
222589
222590
222591
222592
222593
222594
222595
222596
222597
222598
222599
222666
222667
222668
222669
222670
222671
222672
222673
222674
222675
222676
222677
222678
222679
222680
222681
222682
222683
222684
222685
222686
222687
222688
222689
222690
222691
222692
222693
222694
222695
222696
222697
222698
222699
222777
222778
222779
222780
222781
222782
222783
222784
222785
222786
222787
222788
222789
222790
222791
222792
222793
222794
222795
222796
222797
222798
222799
222888
222889
222890
222891
222892
222893
222894
222895
222896
222897
222898
222899
222999
223333
223334
223335
223336
223337
223338
223339
223340
223341
223342
223343
223344
223345
223346
223347
223348
223349
223350
223351
223352
223353
223354
223355
223356
223357
223358
223359
223360
223361
223362
223363
223364
223365
223366
223367
223368
223369
223370
223371
223372
223373
223374
223375
223376
223377
223378
223379
223380
223381
223382
223383
223384
223385
223386
223387
223388
223389
223390
223391
223392
223393
223394
223395
223396
223397
223398
223399
223444
223445
223446
223447
223448
223449
223450
223451
223452
223453
223454
223455
223456
223457
223458
223459
223460
223461
223462
223463
223464
223465
223466
223467
223468
223469
223470
223471
223472
223473
223474
223475
223476
223477
223478
223479
223480
223481
223482
223483
223484
223485
223486
223487
223488
223489
223490
223491
223492
223493
223494
223495
223496
223497
223498
223499
223555
223556
223557
223558
223559
223560
223561
223562
223563
223564
223565
223566
223567
223568
223569
223570
223571
223572
223573
223574
223575
223576
223577
223578
223579
223580
223581
223582
223583
223584
223585
223586
223587
223588
223589
223590
223591
223592
223593
223594
223595
223596
223597
223598
223599
223666
223667
223668
223669
223670
223671
223672
223673
223674
223675
223676
223677
223678
223679
223680
223681
223682
223683
223684
223685
223686
223687
223688
223689
223690
223691
223692
223693
223694
223695
223696
223697
223698
223699
223777
223778
223779
223780
223781
223782
223783
223784
223785
223786
223787
223788
223789
223790
223791
223792
223793
223794
223795
223796
223797
223798
223799
223888
223889
223890
223891
223892
223893
223894
223895
223896
223897
223898
223899
223999
224444
224445
224446
224447
224448
224449
224450
224451
224452
224453
224454
224455
224456
224457
224458
224459
224460
224461
224462
224463
224464
224465
224466
224467
224468
224469
224470
224471
224472
224473
224474
224475
224476
224477
224478
224479
224480
224481
224482
224483
224484
224485
224486
224487
224488
224489
224490
224491
224492
224493
224494
224495
224496
224497
224498
224499
224555
224556
224557
224558
224559
224560
224561
224562
224563
224564
224565
224566
224567
224568
224569
224570
224571
224572
224573
224574
224575
224576
224577
224578
224579
224580
224581
224582
224583
224584
224585
224586
224587
224588
224589
224590
224591
224592
224593
224594
224595
224596
224597
224598
224599
224666
224667
224668
224669
224670
224671
224672
224673
224674
224675
224676
224677
224678
224679
224680
224681
224682
224683
224684
224685
224686
224687
224688
224689
224690
224691
224692
224693
224694
224695
224696
224697
224698
224699
224777
224778
224779
224780
224781
224782
224783
224784
224785
224786
224787
224788
224789
224790
224791
224792
224793
224794
224795
224796
224797
224798
224799
224888
224889
224890
224891
224892
224893
224894
224895
224896
224897
224898
224899
224999
225555
225556
225557
225558
225559
225560
225561
225562
225563
225564
225565
225566
225567
225568
225569
225570
225571
225572
225573
225574
225575
225576
225577
225578
225579
225580
225581
225582
225583
225584
225585
225586
225587
225588
225589
225590
225591
225592
225593
225594
225595
225596
225597
225598
225599
225666
225667
225668
225669
225670
225671
225672
225673
225674
225675
225676
225677
225678
225679
225680
225681
225682
225683
225684
225685
225686
225687
225688
225689
225690
225691
225692
225693
225694
225695
225696
225697
225698
225699
225777
225778
225779
225780
225781
225782
225783
225784
225785
225786
225787
225788
225789
225790
225791
225792
225793
225794
225795
225796
225797
225798
225799
225888
225889
225890
225891
225892
225893
225894
225895
225896
225897
225898
225899
225999
226666
226667
226668
226669
226670
226671
226672
226673
226674
226675
226676
226677
226678
226679
226680
226681
226682
226683
226684
226685
226686
226687
226688
226689
226690
226691
226692
226693
226694
226695
226696
226697
226698
226699
226777
226778
226779
226780
226781
226782
226783
226784
226785
226786
226787
226788
226789
226790
226791
226792
226793
226794
226795
226796
226797
226798
226799
226888
226889
226890
226891
226892
226893
226894
226895
226896
226897
226898
226899
226999
227777
227778
227779
227780
227781
227782
227783
227784
227785
227786
227787
227788
227789
227790
227791
227792
227793
227794
227795
227796
227797
227798
227799
227888
227889
227890
227891
227892
227893
227894
227895
227896
227897
227898
227899
227999
228888
228889
228890
228891
228892
228893
228894
228895
228896
228897
228898
228899
228999
229999
233333
233334
233335
233336
233337
233338
233339
233340
233341
233342
233343
233344
233345
233346
233347
233348
233349
233350
233351
233352
233353
233354
233355
233356
233357
233358
233359
233360
233361
233362
233363
233364
233365
233366
233367
233368
233369
233370
233371
233372
233373
233374
233375
233376
233377
233378
233379
233380
233381
233382
233383
233384
233385
233386
233387
233388
233389
233390
233391
233392
233393
233394
233395
233396
233397
233398
233399
233444
233445
233446
233447
233448
233449
233450
233451
233452
233453
233454
233455
233456
233457
233458
233459
233460
233461
233462
233463
233464
233465
233466
233467
233468
233469
233470
233471
233472
233473
233474
233475
233476
233477
233478
233479
233480
233481
233482
233483
233484
233485
233486
233487
233488
233489
233490
233491
233492
233493
233494
233495
233496
233497
233498
233499
233555
233556
233557
233558
233559
233560
233561
233562
233563
233564
233565
233566
233567
233568
233569
233570
233571
233572
233573
233574
233575
233576
233577
233578
233579
233580
233581
233582
233583
233584
233585
233586
233587
233588
233589
233590
233591
233592
233593
233594
233595
233596
233597
233598
233599
233666
233667
233668
233669
233670
233671
233672
233673
233674
233675
233676
233677
233678
233679
233680
233681
233682
233683
233684
233685
233686
233687
233688
233689
233690
233691
233692
233693
233694
233695
233696
233697
233698
233699
233777
233778
233779
233780
233781
233782
233783
233784
233785
233786
233787
233788
233789
233790
233791
233792
233793
233794
233795
233796
233797
233798
233799
233888
233889
233890
233891
233892
233893
233894
233895
233896
233897
233898
233899
233999
234444
234445
234446
234447
234448
234449
234450
234451
234452
234453
234454
234455
234456
234457
234458
234459
234460
234461
234462
234463
234464
234465
234466
234467
234468
234469
234470
234471
234472
234473
234474
234475
234476
234477
234478
234479
234480
234481
234482
234483
234484
234485
234486
234487
234488
234489
234490
234491
234492
234493
234494
234495
234496
234497
234498
234499
234555
234556
234557
234558
234559
234566
234577
234588
234599
234666
234667
234668
234669
234677
234688
234699
234777
234778
234779
234788
234799
234888
234889
234899
234999
235555
235556
235557
235558
235559
235560
235561
235562
235563
235564
235565
235566
235567
235568
235569
235570
235571
235572
235573
235574
235575
235576
235577
235578
235579
235580
235581
235582
235583
235584
235585
235586
235587
235588
235589
235590
235591
235592
235593
235594
235595
235596
235597
235598
235599
235666
235667
235668
235669
235677
235688
235699
235777
235778
235779
235788
235799
235888
235889
235899
235999
236666
236667
236668
236669
236670
236671
236672
236673
236674
236675
236676
236677
236678
236679
236680
236681
236682
236683
236684
236685
236686
236687
236688
236689
236690
236691
236692
236693
236694
236695
236696
236697
236698
236699
236777
236778
236779
236788
236799
236888
236889
236899
236999
237777
237778
237779
237780
237781
237782
237783
237784
237785
237786
237787
237788
237789
237790
237791
237792
237793
237794
237795
237796
237797
237798
237799
237888
237889
237899
237999
238888
238889
238890
238891
238892
238893
238894
238895
238896
238897
238898
238899
238999
239999
244444
244445
244446
244447
244448
244449
244450
244451
244452
244453
244454
244455
244456
244457
244458
244459
244460
244461
244462
244463
244464
244465
244466
244467
244468
244469
244470
244471
244472
244473
244474
244475
244476
244477
244478
244479
244480
244481
244482
244483
244484
244485
244486
244487
244488
244489
244490
244491
244492
244493
244494
244495
244496
244497
244498
244499
244555
244556
244557
244558
244559
244560
244561
244562
244563
244564
244565
244566
244567
244568
244569
244570
244571
244572
244573
244574
244575
244576
244577
244578
244579
244580
244581
244582
244583
244584
244585
244586
244587
244588
244589
244590
244591
244592
244593
244594
244595
244596
244597
244598
244599
244666
244667
244668
244669
244670
244671
244672
244673
244674
244675
244676
244677
244678
244679
244680
244681
244682
244683
244684
244685
244686
244687
244688
244689
244690
244691
244692
244693
244694
244695
244696
244697
244698
244699
244777
244778
244779
244780
244781
244782
244783
244784
244785
244786
244787
244788
244789
244790
244791
244792
244793
244794
244795
244796
244797
244798
244799
244888
244889
244890
244891
244892
244893
244894
244895
244896
244897
244898
244899
244999
245555
245556
245557
245558
245559
245560
245561
245562
245563
245564
245565
245566
245567
245568
245569
245570
245571
245572
245573
245574
245575
245576
245577
245578
245579
245580
245581
245582
245583
245584
245585
245586
245587
245588
245589
245590
245591
245592
245593
245594
245595
245596
245597
245598
245599
245666
245667
245668
245669
245677
245688
245699
245777
245778
245779
245788
245799
245888
245889
245899
245999
246666
246667
246668
246669
246670
246671
246672
246673
246674
246675
246676
246677
246678
246679
246680
246681
246682
246683
246684
246685
246686
246687
246688
246689
246690
246691
246692
246693
246694
246695
246696
246697
246698
246699
246777
246778
246779
246788
246799
246888
246889
246899
246999
247777
247778
247779
247780
247781
247782
247783
247784
247785
247786
247787
247788
247789
247790
247791
247792
247793
247794
247795
247796
247797
247798
247799
247888
247889
247899
247999
248888
248889
248890
248891
248892
248893
248894
248895
248896
248897
248898
248899
248999
249999
255555
255556
255557
255558
255559
255560
255561
255562
255563
255564
255565
255566
255567
255568
255569
255570
255571
255572
255573
255574
255575
255576
255577
255578
255579
255580
255581
255582
255583
255584
255585
255586
255587
255588
255589
255590
255591
255592
255593
255594
255595
255596
255597
255598
255599
255666
255667
255668
255669
255670
255671
255672
255673
255674
255675
255676
255677
255678
255679
255680
255681
255682
255683
255684
255685
255686
255687
255688
255689
255690
255691
255692
255693
255694
255695
255696
255697
255698
255699
255777
255778
255779
255780
255781
255782
255783
255784
255785
255786
255787
255788
255789
255790
255791
255792
255793
255794
255795
255796
255797
255798
255799
255888
255889
255890
255891
255892
255893
255894
255895
255896
255897
255898
255899
255999
256666
256667
256668
256669
256670
256671
256672
256673
256674
256675
256676
256677
256678
256679
256680
256681
256682
256683
256684
256685
256686
256687
256688
256689
256690
256691
256692
256693
256694
256695
256696
256697
256698
256699
256777
256778
256779
256788
256799
256888
256889
256899
256999
257777
257778
257779
257780
257781
257782
257783
257784
257785
257786
257787
257788
257789
257790
257791
257792
257793
257794
257795
257796
257797
257798
257799
257888
257889
257899
257999
258888
258889
258890
258891
258892
258893
258894
258895
258896
258897
258898
258899
258999
259999
266666
266667
266668
266669
266670
266671
266672
266673
266674
266675
266676
266677
266678
266679
266680
266681
266682
266683
266684
266685
266686
266687
266688
266689
266690
266691
266692
266693
266694
266695
266696
266697
266698
266699
266777
266778
266779
266780
266781
266782
266783
266784
266785
266786
266787
266788
266789
266790
266791
266792
266793
266794
266795
266796
266797
266798
266799
266888
266889
266890
266891
266892
266893
266894
266895
266896
266897
266898
266899
266999
267777
267778
267779
267780
267781
267782
267783
267784
267785
267786
267787
267788
267789
267790
267791
267792
267793
267794
267795
267796
267797
267798
267799
267888
267889
267899
267999
268888
268889
268890
268891
268892
268893
268894
268895
268896
268897
268898
268899
268999
269999
277777
277778
277779
277780
277781
277782
277783
277784
277785
277786
277787
277788
277789
277790
277791
277792
277793
277794
277795
277796
277797
277798
277799
277888
277889
277890
277891
277892
277893
277894
277895
277896
277897
277898
277899
277999
278888
278889
278890
278891
278892
278893
278894
278895
278896
278897
278898
278899
278999
279999
288888
288889
288890
288891
288892
288893
288894
288895
288896
288897
288898
288899
288999
289999
299999
333333
333334
333335
333336
333337
333338
333339
333340
333341
333342
333343
333344
333345
333346
333347
333348
333349
333350
333351
333352
333353
333354
333355
333356
333357
333358
333359
333360
333361
333362
333363
333364
333365
333366
333367
333368
333369
333370
333371
333372
333373
333374
333375
333376
333377
333378
333379
333380
333381
333382
333383
333384
333385
333386
333387
333388
333389
333390
333391
333392
333393
333394
333395
333396
333397
333398
333399
333444
333445
333446
333447
333448
333449
333450
333451
333452
333453
333454
333455
333456
333457
333458
333459
333460
333461
333462
333463
333464
333465
333466
333467
333468
333469
333470
333471
333472
333473
333474
333475
333476
333477
333478
333479
333480
333481
333482
333483
333484
333485
333486
333487
333488
333489
333490
333491
333492
333493
333494
333495
333496
333497
333498
333499
333555
333556
333557
333558
333559
333560
333561
333562
333563
333564
333565
333566
333567
333568
333569
333570
333571
333572
333573
333574
333575
333576
333577
333578
333579
333580
333581
333582
333583
333584
333585
333586
333587
333588
333589
333590
333591
333592
333593
333594
333595
333596
333597
333598
333599
333666
333667
333668
333669
333670
333671
333672
333673
333674
333675
333676
333677
333678
333679
333680
333681
333682
333683
333684
333685
333686
333687
333688
333689
333690
333691
333692
333693
333694
333695
333696
333697
333698
333699
333777
333778
333779
333780
333781
333782
333783
333784
333785
333786
333787
333788
333789
333790
333791
333792
333793
333794
333795
333796
333797
333798
333799
333888
333889
333890
333891
333892
333893
333894
333895
333896
333897
333898
333899
333999
334444
334445
334446
334447
334448
334449
334450
334451
334452
334453
334454
334455
334456
334457
334458
334459
334460
334461
334462
334463
334464
334465
334466
334467
334468
334469
334470
334471
334472
334473
334474
334475
334476
334477
334478
334479
334480
334481
334482
334483
334484
334485
334486
334487
334488
334489
334490
334491
334492
334493
334494
334495
334496
334497
334498
334499
334555
334556
334557
334558
334559
334560
334561
334562
334563
334564
334565
334566
334567
334568
334569
334570
334571
334572
334573
334574
334575
334576
334577
334578
334579
334580
334581
334582
334583
334584
334585
334586
334587
334588
334589
334590
334591
334592
334593
334594
334595
334596
334597
334598
334599
334666
334667
334668
334669
334670
334671
334672
334673
334674
334675
334676
334677
334678
334679
334680
334681
334682
334683
334684
334685
334686
334687
334688
334689
334690
334691
334692
334693
334694
334695
334696
334697
334698
334699
334777
334778
334779
334780
334781
334782
334783
334784
334785
334786
334787
334788
334789
334790
334791
334792
334793
334794
334795
334796
334797
334798
334799
334888
334889
334890
334891
334892
334893
334894
334895
334896
334897
334898
334899
334999
335555
335556
335557
335558
335559
335560
335561
335562
335563
335564
335565
335566
335567
335568
335569
335570
335571
335572
335573
335574
335575
335576
335577
335578
335579
335580
335581
335582
335583
335584
335585
335586
335587
335588
335589
335590
335591
335592
335593
335594
335595
335596
335597
335598
335599
335666
335667
335668
335669
335670
335671
335672
335673
335674
335675
335676
335677
335678
335679
335680
335681
335682
335683
335684
335685
335686
335687
335688
335689
335690
335691
335692
335693
335694
335695
335696
335697
335698
335699
335777
335778
335779
335780
335781
335782
335783
335784
335785
335786
335787
335788
335789
335790
335791
335792
335793
335794
335795
335796
335797
335798
335799
335888
335889
335890
335891
335892
335893
335894
335895
335896
335897
335898
335899
335999
336666
336667
336668
336669
336670
336671
336672
336673
336674
336675
336676
336677
336678
336679
336680
336681
336682
336683
336684
336685
336686
336687
336688
336689
336690
336691
336692
336693
336694
336695
336696
336697
336698
336699
336777
336778
336779
336780
336781
336782
336783
336784
336785
336786
336787
336788
336789
336790
336791
336792
336793
336794
336795
336796
336797
336798
336799
336888
336889
336890
336891
336892
336893
336894
336895
336896
336897
336898
336899
336999
337777
337778
337779
337780
337781
337782
337783
337784
337785
337786
337787
337788
337789
337790
337791
337792
337793
337794
337795
337796
337797
337798
337799
337888
337889
337890
337891
337892
337893
337894
337895
337896
337897
337898
337899
337999
338888
338889
338890
338891
338892
338893
338894
338895
338896
338897
338898
338899
338999
339999
344444
344445
344446
344447
344448
344449
344450
344451
344452
344453
344454
344455
344456
344457
344458
344459
344460
344461
344462
344463
344464
344465
344466
344467
344468
344469
344470
344471
344472
344473
344474
344475
344476
344477
344478
344479
344480
344481
344482
344483
344484
344485
344486
344487
344488
344489
344490
344491
344492
344493
344494
344495
344496
344497
344498
344499
344555
344556
344557
344558
344559
344560
344561
344562
344563
344564
344565
344566
344567
344568
344569
344570
344571
344572
344573
344574
344575
344576
344577
344578
344579
344580
344581
344582
344583
344584
344585
344586
344587
344588
344589
344590
344591
344592
344593
344594
344595
344596
344597
344598
344599
344666
344667
344668
344669
344670
344671
344672
344673
344674
344675
344676
344677
344678
344679
344680
344681
344682
344683
344684
344685
344686
344687
344688
344689
344690
344691
344692
344693
344694
344695
344696
344697
344698
344699
344777
344778
344779
344780
344781
344782
344783
344784
344785
344786
344787
344788
344789
344790
344791
344792
344793
344794
344795
344796
344797
344798
344799
344888
344889
344890
344891
344892
344893
344894
344895
344896
344897
344898
344899
344999
345555
345556
345557
345558
345559
345560
345561
345562
345563
345564
345565
345566
345567
345568
345569
345570
345571
345572
345573
345574
345575
345576
345577
345578
345579
345580
345581
345582
345583
345584
345585
345586
345587
345588
345589
345590
345591
345592
345593
345594
345595
345596
345597
345598
345599
345666
345667
345668
345669
345677
345688
345699
345777
345778
345779
345788
345799
345888
345889
345899
345999
346666
346667
346668
346669
346670
346671
346672
346673
346674
346675
346676
346677
346678
346679
346680
346681
346682
346683
346684
346685
346686
346687
346688
346689
346690
346691
346692
346693
346694
346695
346696
346697
346698
346699
346777
346778
346779
346788
346799
346888
346889
346899
346999
347777
347778
347779
347780
347781
347782
347783
347784
347785
347786
347787
347788
347789
347790
347791
347792
347793
347794
347795
347796
347797
347798
347799
347888
347889
347899
347999
348888
348889
348890
348891
348892
348893
348894
348895
348896
348897
348898
348899
348999
349999
355555
355556
355557
355558
355559
355560
355561
355562
355563
355564
355565
355566
355567
355568
355569
355570
355571
355572
355573
355574
355575
355576
355577
355578
355579
355580
355581
355582
355583
355584
355585
355586
355587
355588
355589
355590
355591
355592
355593
355594
355595
355596
355597
355598
355599
355666
355667
355668
355669
355670
355671
355672
355673
355674
355675
355676
355677
355678
355679
355680
355681
355682
355683
355684
355685
355686
355687
355688
355689
355690
355691
355692
355693
355694
355695
355696
355697
355698
355699
355777
355778
355779
355780
355781
355782
355783
355784
355785
355786
355787
355788
355789
355790
355791
355792
355793
355794
355795
355796
355797
355798
355799
355888
355889
355890
355891
355892
355893
355894
355895
355896
355897
355898
355899
355999
356666
356667
356668
356669
356670
356671
356672
356673
356674
356675
356676
356677
356678
356679
356680
356681
356682
356683
356684
356685
356686
356687
356688
356689
356690
356691
356692
356693
356694
356695
356696
356697
356698
356699
356777
356778
356779
356788
356799
356888
356889
356899
356999
357777
357778
357779
357780
357781
357782
357783
357784
357785
357786
357787
357788
357789
357790
357791
357792
357793
357794
357795
357796
357797
357798
357799
357888
357889
357899
357999
358888
358889
358890
358891
358892
358893
358894
358895
358896
358897
358898
358899
358999
359999
366666
366667
366668
366669
366670
366671
366672
366673
366674
366675
366676
366677
366678
366679
366680
366681
366682
366683
366684
366685
366686
366687
366688
366689
366690
366691
366692
366693
366694
366695
366696
366697
366698
366699
366777
366778
366779
366780
366781
366782
366783
366784
366785
366786
366787
366788
366789
366790
366791
366792
366793
366794
366795
366796
366797
366798
366799
366888
366889
366890
366891
366892
366893
366894
366895
366896
366897
366898
366899
366999
367777
367778
367779
367780
367781
367782
367783
367784
367785
367786
367787
367788
367789
367790
367791
367792
367793
367794
367795
367796
367797
367798
367799
367888
367889
367899
367999
368888
368889
368890
368891
368892
368893
368894
368895
368896
368897
368898
368899
368999
369999
377777
377778
377779
377780
377781
377782
377783
377784
377785
377786
377787
377788
377789
377790
377791
377792
377793
377794
377795
377796
377797
377798
377799
377888
377889
377890
377891
377892
377893
377894
377895
377896
377897
377898
377899
377999
378888
378889
378890
378891
378892
378893
378894
378895
378896
378897
378898
378899
378999
379999
388888
388889
388890
388891
388892
388893
388894
388895
388896
388897
388898
388899
388999
389999
399999
444444
444445
444446
444447
444448
444449
444450
444451
444452
444453
444454
444455
444456
444457
444458
444459
444460
444461
444462
444463
444464
444465
444466
444467
444468
444469
444470
444471
444472
444473
444474
444475
444476
444477
444478
444479
444480
444481
444482
444483
444484
444485
444486
444487
444488
444489
444490
444491
444492
444493
444494
444495
444496
444497
444498
444499
444555
444556
444557
444558
444559
444560
444561
444562
444563
444564
444565
444566
444567
444568
444569
444570
444571
444572
444573
444574
444575
444576
444577
444578
444579
444580
444581
444582
444583
444584
444585
444586
444587
444588
444589
444590
444591
444592
444593
444594
444595
444596
444597
444598
444599
444666
444667
444668
444669
444670
444671
444672
444673
444674
444675
444676
444677
444678
444679
444680
444681
444682
444683
444684
444685
444686
444687
444688
444689
444690
444691
444692
444693
444694
444695
444696
444697
444698
444699
444777
444778
444779
444780
444781
444782
444783
444784
444785
444786
444787
444788
444789
444790
444791
444792
444793
444794
444795
444796
444797
444798
444799
444888
444889
444890
444891
444892
444893
444894
444895
444896
444897
444898
444899
444999
445555
445556
445557
445558
445559
445560
445561
445562
445563
445564
445565
445566
445567
445568
445569
445570
445571
445572
445573
445574
445575
445576
445577
445578
445579
445580
445581
445582
445583
445584
445585
445586
445587
445588
445589
445590
445591
445592
445593
445594
445595
445596
445597
445598
445599
445666
445667
445668
445669
445670
445671
445672
445673
445674
445675
445676
445677
445678
445679
445680
445681
445682
445683
445684
445685
445686
445687
445688
445689
445690
445691
445692
445693
445694
445695
445696
445697
445698
445699
445777
445778
445779
445780
445781
445782
445783
445784
445785
445786
445787
445788
445789
445790
445791
445792
445793
445794
445795
445796
445797
445798
445799
445888
445889
445890
445891
445892
445893
445894
445895
445896
445897
445898
445899
445999
446666
446667
446668
446669
446670
446671
446672
446673
446674
446675
446676
446677
446678
446679
446680
446681
446682
446683
446684
446685
446686
446687
446688
446689
446690
446691
446692
446693
446694
446695
446696
446697
446698
446699
446777
446778
446779
446780
446781
446782
446783
446784
446785
446786
446787
446788
446789
446790
446791
446792
446793
446794
446795
446796
446797
446798
446799
446888
446889
446890
446891
446892
446893
446894
446895
446896
446897
446898
446899
446999
447777
447778
447779
447780
447781
447782
447783
447784
447785
447786
447787
447788
447789
447790
447791
447792
447793
447794
447795
447796
447797
447798
447799
447888
447889
447890
447891
447892
447893
447894
447895
447896
447897
447898
447899
447999
448888
448889
448890
448891
448892
448893
448894
448895
448896
448897
448898
448899
448999
449999
455555
455556
455557
455558
455559
455560
455561
455562
455563
455564
455565
455566
455567
455568
455569
455570
455571
455572
455573
455574
455575
455576
455577
455578
455579
455580
455581
455582
455583
455584
455585
455586
455587
455588
455589
455590
455591
455592
455593
455594
455595
455596
455597
455598
455599
455666
455667
455668
455669
455670
455671
455672
455673
455674
455675
455676
455677
455678
455679
455680
455681
455682
455683
455684
455685
455686
455687
455688
455689
455690
455691
455692
455693
455694
455695
455696
455697
455698
455699
455777
455778
455779
455780
455781
455782
455783
455784
455785
455786
455787
455788
455789
455790
455791
455792
455793
455794
455795
455796
455797
455798
455799
455888
455889
455890
455891
455892
455893
455894
455895
455896
455897
455898
455899
455999
456666
456667
456668
456669
456670
456671
456672
456673
456674
456675
456676
456677
456678
456679
456680
456681
456682
456683
456684
456685
456686
456687
456688
456689
456690
456691
456692
456693
456694
456695
456696
456697
456698
456699
456777
456778
456779
456788
456799
456888
456889
456899
456999
457777
457778
457779
457780
457781
457782
457783
457784
457785
457786
457787
457788
457789
457790
457791
457792
457793
457794
457795
457796
457797
457798
457799
457888
457889
457899
457999
458888
458889
458890
458891
458892
458893
458894
458895
458896
458897
458898
458899
458999
459999
466666
466667
466668
466669
466670
466671
466672
466673
466674
466675
466676
466677
466678
466679
466680
466681
466682
466683
466684
466685
466686
466687
466688
466689
466690
466691
466692
466693
466694
466695
466696
466697
466698
466699
466777
466778
466779
466780
466781
466782
466783
466784
466785
466786
466787
466788
466789
466790
466791
466792
466793
466794
466795
466796
466797
466798
466799
466888
466889
466890
466891
466892
466893
466894
466895
466896
466897
466898
466899
466999
467777
467778
467779
467780
467781
467782
467783
467784
467785
467786
467787
467788
467789
467790
467791
467792
467793
467794
467795
467796
467797
467798
467799
467888
467889
467899
467999
468888
468889
468890
468891
468892
468893
468894
468895
468896
468897
468898
468899
468999
469999
477777
477778
477779
477780
477781
477782
477783
477784
477785
477786
477787
477788
477789
477790
477791
477792
477793
477794
477795
477796
477797
477798
477799
477888
477889
477890
477891
477892
477893
477894
477895
477896
477897
477898
477899
477999
478888
478889
478890
478891
478892
478893
478894
478895
478896
478897
478898
478899
478999
479999
488888
488889
488890
488891
488892
488893
488894
488895
488896
488897
488898
488899
488999
489999
499999
555555
555556
555557
555558
555559
555560
555561
555562
555563
555564
555565
555566
555567
555568
555569
555570
555571
555572
555573
555574
555575
555576
555577
555578
555579
555580
555581
555582
555583
555584
555585
555586
555587
555588
555589
555590
555591
555592
555593
555594
555595
555596
555597
555598
555599
555666
555667
555668
555669
555670
555671
555672
555673
555674
555675
555676
555677
555678
555679
555680
555681
555682
555683
555684
555685
555686
555687
555688
555689
555690
555691
555692
555693
555694
555695
555696
555697
555698
555699
555777
555778
555779
555780
555781
555782
555783
555784
555785
555786
555787
555788
555789
555790
555791
555792
555793
555794
555795
555796
555797
555798
555799
555888
555889
555890
555891
555892
555893
555894
555895
555896
555897
555898
555899
555999
556666
556667
556668
556669
556670
556671
556672
556673
556674
556675
556676
556677
556678
556679
556680
556681
556682
556683
556684
556685
556686
556687
556688
556689
556690
556691
556692
556693
556694
556695
556696
556697
556698
556699
556777
556778
556779
556780
556781
556782
556783
556784
556785
556786
556787
556788
556789
556790
556791
556792
556793
556794
556795
556796
556797
556798
556799
556888
556889
556890
556891
556892
556893
556894
556895
556896
556897
556898
556899
556999
557777
557778
557779
557780
557781
557782
557783
557784
557785
557786
557787
557788
557789
557790
557791
557792
557793
557794
557795
557796
557797
557798
557799
557888
557889
557890
557891
557892
557893
557894
557895
557896
557897
557898
557899
557999
558888
558889
558890
558891
558892
558893
558894
558895
558896
558897
558898
558899
558999
559999
566666
566667
566668
566669
566670
566671
566672
566673
566674
566675
566676
566677
566678
566679
566680
566681
566682
566683
566684
566685
566686
566687
566688
566689
566690
566691
566692
566693
566694
566695
566696
566697
566698
566699
566777
566778
566779
566780
566781
566782
566783
566784
566785
566786
566787
566788
566789
566790
566791
566792
566793
566794
566795
566796
566797
566798
566799
566888
566889
566890
566891
566892
566893
566894
566895
566896
566897
566898
566899
566999
567777
567778
567779
567780
567781
567782
567783
567784
567785
567786
567787
567788
567789
567790
567791
567792
567793
567794
567795
567796
567797
567798
567799
567888
567889
567899
567999
568888
568889
568890
568891
568892
568893
568894
568895
568896
568897
568898
568899
568999
569999
577777
577778
577779
577780
577781
577782
577783
577784
577785
577786
577787
577788
577789
577790
577791
577792
577793
577794
577795
577796
577797
577798
577799
577888
577889
577890
577891
577892
577893
577894
577895
577896
577897
577898
577899
577999
578888
578889
578890
578891
578892
578893
578894
578895
578896
578897
578898
578899
578999
579999
588888
588889
588890
588891
588892
588893
588894
588895
588896
588897
588898
588899
588999
589999
599999
666666
666667
666668
666669
666670
666671
666672
666673
666674
666675
666676
666677
666678
666679
666680
666681
666682
666683
666684
666685
666686
666687
666688
666689
666690
666691
666692
666693
666694
666695
666696
666697
666698
666699
666777
666778
666779
666780
666781
666782
666783
666784
666785
666786
666787
666788
666789
666790
666791
666792
666793
666794
666795
666796
666797
666798
666799
666888
666889
666890
666891
666892
666893
666894
666895
666896
666897
666898
666899
666999
667777
667778
667779
667780
667781
667782
667783
667784
667785
667786
667787
667788
667789
667790
667791
667792
667793
667794
667795
667796
667797
667798
667799
667888
667889
667890
667891
667892
667893
667894
667895
667896
667897
667898
667899
667999
668888
668889
668890
668891
668892
668893
668894
668895
668896
668897
668898
668899
668999
669999
